600 1539 600 1162 19
100 399
158 379
76 223
100 508
54 329
257 313
152 165
175 454
327 476
392 570
295 464
199 375
248 395
103 400
33 91
103 512
74 116
245 445
188 427
251 523
227 597
135 230
261 387
28 394
276 507
134 475
13 29
69 204
307 561
14 477
377 416
310 521
189 394
48 117
163 243
215 270
25 249
434 570
343 573
524 594
235 416
400 555
277 596
406 433
258 478
408 417
202 470
415 578
335 553
100 435
177 510
108 393
328 487
164 371
57 247
485 583
398 530
438 467
5 583
338 578
405 484
95 437
138 333
304 396
148 165
255 461
166 478
244 376
144 417
6 330
256 545
360 398
287 376
53 376
486 579
131 144
314 558
209 374
20 63
84 269
334 407
258 293
180 285
23 113
124 425
178 327
23 38
219 293
101 268
221 502
423 493
507 579
193 546
174 418
262 563
374 376
38 183
85 450
29 30
85 332
222 301
263 468
11 328
81 343
132 477
125 148
239 242
22 30
27 184
212 547
220 484
368 419
445 549
140 248
57 364
308 410
144 308
264 470
282 562
372 502
72 352
287 461
95 175
353 518
194 421
156 342
115 506
2 263
300 334
31 152
24 274
301 324
71 435
457 527
99 204
344 438
372 405
106 458
42 359
81 573
154 515
9 275
208 397
188 456
98 382
55 406
305 359
337 562
281 495
241 259
42 311
140 588
474 572
90 441
378 462
29 274
360 530
21 25
162 254
198 255
124 194
1 248
137 335
50 358
66 473
261 298
166 220
43 59
348 392
206 229
300 407
285 380
445 532
212 430
234 256
143 582
122 144
403 584
34 550
157 535
95 448
261 466
218 575
299 439
332 567
131 495
121 171
18 59
254 408
344 467
40 460
160 454
54 241
166 358
171 391
176 345
17 156
513 518
154 207
110 520
23 32
59 302
160 175
50 356
182 595
70 596
80 356
51 215
156 482
11 217
244 248
30 142
281 410
455 543
130 439
211 525
442 480
399 591
68 341
6 70
404 568
21 117
74 466
244 542
265 360
42 145
10 266
183 325
187 567
326 572
455 483
182 459
41 401
247 264
25 272
54 73
348 537
354 483
199 551
137 142
408 526
364 470
436 443
318 558
425 450
167 525
60 569
102 320
50 166
148 545
8 211
510 599
334 365
26 543
111 234
263 553
291 389
552 583
182 349
575 590
275 595
435 592
34 61
55 590
227 233
16 241
51 59
370 516
242 485
33 515
37 93
424 581
551 563
326 494
176 430
260 345
97 430
51 599
11 99
4 114
167 497
516 557
120 411
396 507
8 428
203 420
288 508
211 296
57 157
312 429
126 497
36 267
207 437
362 490
11 158
104 546
52 184
129 217
348 551
111 256
49 240
103 279
14 130
13 137
185 547
7 129
42 79
308 496
172 315
245 549
372 484
53 569
86 546
56 99
163 369
162 391
40 436
439 462
435 508
115 411
333 586
161 581
205 597
126 455
39 185
374 538
225 278
199 381
291 523
372 488
260 430
403 456
369 398
250 418
279 311
15 427
33 422
199 201
204 291
47 50
61 480
155 443
133 266
74 313
338 536
313 510
68 367
98 436
23 228
295 564
461 539
185 212
15 188
204 449
429 437
161 596
267 565
474 494
135 483
414 504
153 516
246 422
251 389
482 490
21 304
276 579
70 330
253 529
99 587
156 528
230 339
8 141
389 523
271 448
237 479
195 343
259 275
36 565
121 197
150 442
165 256
46 374
386 477
31 246
399 435
286 489
31 234
93 545
390 556
548 585
150 306
117 304
177 599
153 501
525 532
23 201
186 413
6 14
387 466
264 364
17 494
218 521
121 280
15 155
360 587
114 218
394 569
176 260
157 413
370 557
277 542
17 355
332 450
310 412
73 241
218 295
159 516
183 490
423 536
119 314
286 329
79 359
303 405
222 324
357 460
43 350
29 137
295 349
336 581
341 555
192 513
120 390
24 112
469 509
321 523
18 302
221 375
125 165
314 318
330 569
43 123
382 436
290 587
316 350
28 307
267 484
296 532
164 232
81 99
186 572
76 569
190 283
326 534
395 558
507 592
113 201
67 123
459 500
75 312
383 490
209 472
404 492
7 514
483 549
254 529
380 556
332 578
7 239
257 270
421 548
197 280
44 494
94 562
30 486
355 528
401 501
541 579
74 382
447 580
259 459
276 592
270 313
178 371
75 454
117 227
261 366
130 223
100 495
271 454
132 386
34 49
128 521
261 389
27 238
289 338
331 421
215 489
1 388
297 307
425 447
225 444
504 561
153 575
93 302
39 433
55 147
104 294
171 280
16 259
140 424
428 505
61 503
233 597
58 431
23 377
133 315
354 455
82 547
19 205
132 426
313 599
107 338
161 336
412 521
132 589
429 533
401 557
206 305
153 159
16 322
319 329
210 377
380 411
45 52
62 459
203 225
301 547
447 576
179 333
496 554
374 381
171 491
71 396
385 426
363 560
69 420
188 403
82 406
193 294
128 295
7 393
130 477
215 366
448 559
106 260
306 320
220 405
18 123
20 243
133 580
435 591
87 322
132 531
307 414
149 200
108 151
12 494
334 363
96 363
4 110
202 566
431 476
261 456
11 278
11 444
177 543
46 244
5 593
33 127
128 243
158 587
308 432
110 409
239 419
235 383
187 353
0 538
154 448
512 586
236 308
165 540
239 311
10 447
43 543
91 559
107 331
32 228
213 358
100 170
253 526
126 483
74 257
194 425
38 325
22 507
376 538
49 150
312 437
158 217
85 352
311 323
571 591
75 337
41 238
75 463
121 476
161 499
381 472
3 238
61 240
53 539
35 551
212 433
59 319
62 88
419 462
7 485
190 575
56 81
60 223
542 596
9 195
99 573
170 481
468 471
446 532
195 582
389 403
402 577
54 346
39 212
106 269
326 474
0 358
317 372
55 190
142 263
12 353
153 590
8 316
201 228
247 434
225 378
22 48
361 489
352 482
122 498
464 582
515 559
228 237
74 510
194 447
87 366
171 481
229 589
40 356
289 493
223 439
408 574
19 123
17 513
46 384
463 562
143 464
86 246
145 359
18 256
136 587
63 369
352 518
469 555
417 574
48 527
26 49
306 442
179 586
519 564
318 388
48 507
113 416
304 507
178 224
26 455
279 586
136 379
113 199
96 232
356 460
169 184
104 222
93 238
229 438
388 551
37 346
112 533
340 554
273 579
40 116
180 556
197 431
282 337
51 270
226 449
90 522
357 510
391 577
187 517
347 460
57 535
62 516
193 208
15 382
170 508
10 102
169 453
251 275
157 235
368 451
52 292
421 496
445 497
193 397
30 66
144 496
166 258
239 385
105 468
136 290
105 178
165 397
127 515
281 591
106 506
8 233
103 555
19 597
1 250
31 205
218 564
8 227
100 131
367 400
50 478
380 390
147 590
241 459
258 356
375 479
419 451
426 462
365 371
72 109
251 322
231 412
48 66
221 479
237 309
210 235
102 306
99 158
6 161
151 509
199 392
82 453
372 441
85 109
232 327
16 73
26 177
69 278
23 210
100 481
80 219
445 525
165 234
93 329
159 575
209 381
278 444
213 461
31 422
6 477
20 582
195 523
78 475
171 224
62 159
123 350
146 262
242 279
138 179
442 565
213 287
471 579
137 553
109 216
136 475
110 218
94 282
197 491
315 488
202 534
55 433
349 519
52 169
10 452
203 278
134 136
94 104
109 568
68 89
322 366
341 367
122 168
47 214
61 267
218 520
287 538
2 142
33 227
376 539
468 579
0 213
189 307
116 382
383 413
85 517
480 565
339 452
90 315
25 211
288 541
13 274
59 286
176 351
392 551
272 296
452 554
126 428
7 451
273 276
154 559
83 242
70 161
134 173
470 566
163 530
261 322
441 488
188 420
236 446
121 178
32 404
281 308
225 419
232 560
420 504
206 438
9 251
77 423
108 583
485 514
95 373
253 408
369 530
103 586
130 132
295 521
96 164
34 293
83 593
195 321
396 592
27 292
15 443
286 361
493 536
329 361
92 512
447 585
28 155
423 574
255 443
186 594
157 364
340 421
300 365
3 545
265 530
141 350
187 332
65 351
162 577
307 394
47 358
34 267
144 410
342 528
201 479
88 564
118 398
384 418
129 393
92 367
224 471
37 238
11 440
499 581
5 509
175 271
256 540
455 505
178 471
27 41
320 339
15 387
32 325
103 242
100 162
65 433
327 371
131 254
266 315
395 588
413 470
87 489
372 565
139 327
28 198
116 436
200 471
174 381
44 383
250 381
71 571
150 320
104 562
332 415
56 118
102 544
189 414
149 224
349 464
247 537
333 512
496 498
8 167
52 104
172 404
394 461
245 532
225 328
189 378
187 415
12 518
86 454
152 397
30 48
228 309
536 574
302 329
168 331
251 259
44 355
19 350
24 29
469 593
254 417
435 571
216 352
395 424
1 395
326 594
289 536
108 134
82 301
8 21
141 316
24 473
148 292
340 548
131 410
112 473
84 345
175 448
517 518
165 208
21 211
101 391
258 267
82 185
112 429
237 488
75 160
200 288
428 455
169 406
210 416
191 301
133 172
399 495
36 372
149 481
252 284
482 513
85 187
140 244
15 436
102 266
140 395
192 518
288 592
141 428
366 489
378 394
141 505
339 446
73 87
86 91
102 522
391 481
343 582
93 256
211 272
1 418
243 582
133 568
10 133
311 385
78 173
72 492
164 363
293 356
142 579
540 545
80 460
426 439
182 259
239 485
386 467
199 472
79 138
410 495
402 529
86 271
109 576
204 511
259 322
97 411
104 193
97 120
143 595
537 563
45 222
368 440
429 473
317 442
88 575
90 488
32 172
106 430
105 371
108 173
537 570
181 460
161 196
25 304
47 64
400 512
180 380
77 415
212 390
298 387
43 141
26 357
174 384
207 515
126 549
414 420
208 292
204 420
72 568
84 252
257 466
140 196
65 212
194 585
14 223
524 566
66 457
105 471
107 578
437 448
299 378
5 83
335 407
383 474
7 368
555 593
297 561
54 459
223 330
40 443
101 197
196 499
191 453
21 227
226 573
183 492
345 458
229 531
172 309
424 588
309 488
215 257
6 223
107 536
111 123
48 127
44 528
215 466
446 549
57 570
467 581
141 455
364 413
203 414
15 98
33 117
89 367
25 396
548 554
79 179
434 537
170 288
96 560
129 173
139 431
427 561
303 374
24 66
190 590
41 153
36 484
375 472
49 550
196 596
186 470
51 543
6 336
363 407
41 590
347 357
170 200
63 343
276 288
305 467
231 284
428 497
148 208
148 238
284 310
113 377
186 566
147 169
345 409
238 292
188 504
153 401
164 334
209 502
150 503
331 574
88 218
415 567
168 421
146 388
52 191
167 445
214 356
330 542
149 471
60 76
49 354
424 558
406 453
90 102
12 17
329 346
199 479
194 548
41 501
237 502
110 598
407 553
379 587
97 106
284 598
366 466
43 455
53 542
155 297
144 498
437 473
388 563
450 578
205 234
272 432
76 394
109 352
198 461
349 564
226 523
3 93
385 462
91 515
92 400
235 362
300 553
146 318
164 365
209 375
272 591
105 263
71 249
342 482
220 267
340 496
64 214
72 482
78 129
539 569
212 556
416 535
84 409
83 583
217 440
226 511
312 533
338 415
45 301
101 491
488 502
181 356
535 570
291 584
72 490
186 524
226 321
135 320
69 99
446 483
231 465
128 412
572 594
269 458
118 369
271 559
61 442
413 572
260 458
352 513
251 261
372 522
202 524
72 183
135 446
298 456
187 518
310 520
89 138
263 300
263 579
346 370
178 476
116 357
162 481
207 527
286 319
33 597
205 422
531 589
73 329
84 598
526 574
265 587
19 233
423 526
150 240
107 450
63 163
233 316
249 571
431 560
128 464
42 589
94 546
84 284
341 469
145 589
133 447
383 572
296 432
419 487
48 304
56 343
424 499
459 519
386 438
368 487
142 486
208 294
379 475
167 211
34 258
42 586
104 324
508 592
206 359
336 386
254 402
200 541
47 255
122 574
145 229
151 583
140 499
136 265
153 557
84 458
24 30
25 71
272 571
58 560
378 439
248 418
48 207
331 536
73 361
254 577
0 374
37 557
173 393
58 197
120 430
268 529
327 431
236 432
283 590
167 428
440 487
486 507
41 184
243 465
20 343
35 537
63 118
250 388
291 449
40 214
199 388
268 402
56 398
149 170
291 403
188 561
209 303
239 514
40 347
33 205
232 431
189 225
77 289
299 462
154 437
116 347
88 159
132 323
348 570
326 524
336 467
356 478
452 544
139 232
172 228
35 563
438 531
102 315
190 351
109 450
175 373
195 573
263 365
122 417
414 561
56 587
19 316
80 357
124 331
0 405
20 163
111 205
72 404
206 344
511 573
78 134
5 552
320 544
220 358
345 351
459 516
129 440
110 114
182 275
4 575
110 351
411 506
244 277
386 531
308 591
317 522
305 344
242 311
117 127
302 319
105 365
89 92
79 305
282 546
321 573
52 294
38 210
312 373
135 354
214 255
55 283
223 378
390 411
349 595
119 395
452 585
352 517
122 421
301 453
69 203
101 577
303 502
389 456
71 592
209 221
240 503
228 479
385 419
10 544
509 552
221 237
342 383
78 217
80 181
225 462
44 474
0 303
152 246
367 555
230 446
390 430
66 527
219 550
337 454
42 279
127 207
244 384
128 465
119 318
225 414
18 67
131 417
253 268
60 330
391 491
374 384
138 512
116 510
3 148
342 490
15 561
107 124
37 370
238 401
9 595
42 323
282 454
351 409
446 554
160 312
28 255
26 219
288 579
11 69
87 361
362 383
449 511
160 373
231 310
79 586
38 235
49 61
1 119
325 404
40 255
109 580
39 82
421 498
62 500
495 591
23 325
93 346
91 271
86 422
325 492
147 184
169 191
500 516
125 540
310 598
39 406
65 176
446 496
432 591
185 132 165 447 206 70 183 265 108 187 53 83 466 133 21 81 234 381 446 438 501 134 429 411 400 114 78 195 595 309 172 50 156 263 390 440 89 96 454 94 3 206 236 302 241 101 45 54 290 69 313 126 18 91 55 467 525 419 495 468 398 404 41 2 284 172 12 2 64 236 343 271 300 222 420 417 17 410 390 422 105 230 81 399 17 243 499 497 296 536 163 125 81 302 374 483 511 304 350 349 496 299 418 513 296 357 147 128 118 538 356 312 193 474 23 435 3 16 141 3 392 266 106 153 470 386 186 436 232 363 485 412 285 186 220 233 585 551 486 104 0 506 495 72 545 16 236 255 399 466 397 280 7 24 516 240 144 499 345 300 126 258 491 19 553 282 546 354 409 414 86 225 557 492 64 118 73 529 490 432 596 1 193 553 207 143 330 540 4 414 416 478 447 366 307 539 206 393 372 82 223 86 232 526 2 313 344 104 343 28 399 563 53 309 46 531 353 222 588 87 265 261 7 478 151 525 121 279 154 277 482 417 345 539 4 6 215 72 178 377 68 444 466 345 289 45 214 90 267 145 471 220 561 67 350 223 522 565 192 581 537 526 101 386 249 568 195 366 524 18 282 596 73 219 460 47 247 427 5 149 240 61 192 599 560 430 30 5 312 207 481 397 283 402 49 437 250 453 115 51 411 443 353 563 465 354 92 542 335 222 413 14 301 55 540 13 439 543 208 34 12 106 102 213 239 90 281 154 330 75 430 556 574 10 28 12 327 407 375 492 239 354 123 348 263 114 50 292 23 98 444 544 99 481 36 518 587 94 362 164 380 315 290 281 441 442 559 509 59 548 549 112 306 595 427 415 127 73 423 305 573 300 218 304 536 344 195 491 407 263 398 288 323 510 399 202 354 249 492 269 103 372 440 330 80 589 173 145 443 126 3 264 181 236 211 439 66 554 249 377 573 300 78 415 443 164 528 160 253 234 81 321 547 75 115 20 231 87 568 347 495 536 25 422 368 181 223 257 276 326 512 138 359 89 82 319 354 110 519 130 10 391 361 483 143 150 134 213 586 326 8 419 18 509 421 11 340 79 439 581 19 497 74 408 346 293 243 306 251 206 175 430 118 122 167 13 165 24 67 53 44 398 571 488 142 5 543 298 49 65 556 283 278 545 425 132 385 283 428 597 187 490 515 138 252 265 333 263 194 172 58 361 205 32 45 51 123 192 445 355 429 330 335 291 354 524 343 332 53 191 269 36 350 360 30 135 9 343 351 380 12 213 258 470 275 347 287 489 128 188 43 182 60 331 212 396 356 123 39 314 113 218 401 369 587 79 225 244 310 161 526 168 497 532 491 275 442 180 339 433
745 435
908 463
56 250
244 656
204 860
848 953
888 629
754 829
336 366
460 820
598 210
656 848
769 2
7 286
855 651
600 665
412 736
816 7
311 559
316 466
472 942
262 339
153 297
835 201
37 331
284 308
505 430
163 685
714 608
31 301
77 323
226 501
754 229
245 433
589 412
959 319
664 381
245 704
850 152
61 793
610 546
164 721
899 800
401 468
850 55
55 670
816 444
716 537
160 330
534 402
661 488
418 546
98 675
838 564
316 708
126 773
556 927
955 195
87 1
383 558
817 607
577 380
292 806
503 939
670 520
131 819
109 346
379 515
975 975
632 827
876 595
275 218
763 152
348 675
512 593
24 527
782 614
508 6
709 915
983 800
577 475
542 893
26 782
842 922
209 996
663 86
163 528
416 680
287 838
986 940
673 270
183 465
977 914
287 629
56 621
74 467
32 78
101 929
575 625
565 874
257 129
239 13
627 252
907 869
83 646
97 180
109 980
550 101
784 969
682 150
253 887
292 522
1 379
836 248
236 846
4 997
568 576
236 358
537 944
939 436
64 881
147 35
451 121
324 517
551 142
227 602
442 372
203 368
376 921
744 884
851 700
342 106
873 724
679 197
699 956
504 306
654 984
22 254
996 883
94 49
931 527
392 442
78 282
404 860
409 148
949 764
955 387
117 723
207 648
195 125
558 319
807 998
176 557
208 757
124 433
643 634
784 87
936 143
602 875
264 804
37 498
923 601
277 80
470 998
41 102
221 568
662 453
368 343
485 121
88 715
232 119
195 63
732 213
749 933
870 398
71 502
129 860
461 513
115 116
982 839
7 910
597 495
396 794
809 143
127 697
47 814
934 66
650 19
592 713
725 706
193 808
68 698
736 48
116 594
555 176
491 849
928 565
168 6
728 583
861 330
167 146
802 266
990 25
633 781
594 811
252 486
962 732
126 400
185 632
806 371
866 180
315 345
90 828
723 501
639 531
433 631
714 128
683 906
284 868
536 467
705 433
774 329
20 698
806 630
169 95
712 735
536 799
289 422
774 259
919 751
498 269
333 989
56 69
331 413
258 532
894 154
424 256
743 318
209 679
823 787
546 371
379 734
884 846
436 966
856 514
457 326
205 519
995 220
870 489
304 243
901 392
470 755
251 990
379 14
340 63
677 590
267 567
473 595
624 429
412 772
150 898
488 672
974 370
82 222
993 157
614 997
652 217
652 408
297 7
150 998
443 569
150 491
331 262
156 230
6 340
442 791
207 234
903 535
649 804
920 841
191 28
350 153
66 594
169 790
293 991
4 953
406 614
760 495
210 207
539 30
623 925
558 779
155 660
563 453
129 631
350 887
378 282
689 639
540 659
783 688
46 165
27 730
335 576
772 385
238 319
992 728
596 307
687 685
372 180
740 282
334 953
863 803
17 440
481 566
977 463
688 228
352 393
649 332
976 425
370 608
539 283
512 809
443 724
867 760
1 668
792 214
931 12
93 74
704 778
350 646
852 602
515 119
610 55
970 861
49 140
12 224
927 644
44 565
543 62
515 233
487 190
953 989
816 94
498 894
975 686
190 917
295 676
571 547
928 266
381 828
363 450
167 848
732 100
684 6
497 399
822 32
617 513
536 504
694 473
974 755
585 977
383 677
865 125
7 114
974 130
80 157
456 659
962 947
764 790
522 966
273 733
77 100
677 349
48 474
772 420
829 321
808 474
857 221
740 675
625 894
14 883
835 399
534 610
844 84
861 428
832 755
924 677
519 632
932 372
493 719
40 867
245 52
885 313
769 914
747 619
943 498
258 257
152 569
573 953
288 136
908 906
209 717
305 39
564 707
756 189
728 393
90 744
32 204
424 62
218 925
366 122
56 921
369 955
920 101
659 745
584 9
887 217
415 99
865 454
760 759
578 757
525 152
221 475
464 20
998 556
593 126
832 718
625 682
409 413
41 407
124 903
114 32
360 237
98 801
965 223
268 177
580 598
91 414
937 699
820 694
727 839
694 296
590 344
623 597
681 811
416 316
467 296
597 168
107 477
564 805
614 89
789 782
562 232
55 735
76 537
474 427
529 686
92 389
163 974
361 790
564 515
741 539
793 731
15 561
407 890
402 946
479 624
990 664
115 200
929 1000
964 84
135 157
835 349
51 371
876 46
680 939
123 66
881 666
639 469
790 294
604 365
242 91
762 124
498 336
692 381
804 878
122 295
739 774
705 266
410 655
839 117
218 50
782 180
498 40
860 2
329 137
457 217
396 359
438 177
969 592
319 766
190 735
746 348
562 347
614 733
441 428
77 946
206 260
235 186
874 997
481 539
557 832
945 851
765 46
797 851
214 417
301 739
687 77
710 63
355 835
298 928
322 920
643 299
520 759
955 31
354 313
440 28
124 367
815 59
348 24
545 992
899 728
438 288
0 420
959 0
913 215
523 81
987 291
758 464
807 548
249 585
160 175
867 558
425 480
589 241
236 628
100 554
12 808
531 186
472 351
541 426
910 323
841 985
46 225
493 216
901 945
10 844
233 748
992 484
164 434
48 32
654 682
24 595
991 330
331 855
641 363
973 60
604 25
699 178
816 578
944 239
301 209
904 36
534 842
436 84
226 797
646 143
271 41
585 72
122 239
637 170
1000 613
433 901
821 948
565 732
577 188
965 820
595 915
959 522
893 754
147 758
331 177
244 216
900 973
930 41
424 826
906 579
271 444
274 936
454 543

