1000
591342313 519493326
930585925 443699348
128269146 868612896
606013680 40150900
269555000 750883241
356086846 323765358
365895338 839165129
41597364 394270563
349888287 711213148
728137993 171512721
488613669 870779845
88873166 847117861
33436956 663195949
503866428 650565003
450013865 532712997
964657780 507836205
795080819 201125755
21312006 615237751
107428937 163873969
442219912 705849832
101191621 809403387
728422248 682780493
104666104 953247166
907122704 315960850
430432456 239035464
936767842 199724513
627227354 125673256
345204449 300968815
737070840 303077088
76027069 572854830
726336948 127459299
116344809 362796613
329716321 783665742
117194513 198387044
337063911 281315808
276430910 284398819
465442070 20915833
890509920 242138108
711106009 867288529
355356459 275664293
697286018 95894323
64711280 712747844
526632851 219816684
418912829 335596082
467623140 737874993
117257545 428713433
214130756 841176288
237947479 247269305
984514501 314471250
401036803 149907155
937975184 413425350
264335469 217650027
163982496 184237866
371723773 232099852
800041395 423546267
322017801 421245042
703669322 525941135
607720624 763346541
108889598 183081940
321324562 628786220
684834372 998575120
628270821 552121049
174050075 572714677
280760870 769557364
738550164 11334579
101741177 918657518
851083748 799205485
199463100 296213352
789398383 716559640
110724777 725057841
76609066 772978900
256570441 343478896
942218600 815344214
211246609 676187741
439023196 59013366
737293591 615408624
581227738 653006540
62270417 749829794
700341296 280649757
437509286 156637033
945362424 289991241
740310517 87437196
636758635 848198437
763940891 558160713
954041362 203873397
299058180 723072064
178350743 261230645
784268638 598901424
681442678 164148838
454925568 257625892
540783596 841877194
102012641 299755948
65401362 979036244
248349769 68199162
355235123 818580742
367672632 993699224
396556198 727157985
908234522 711586543
385576387 195679340
861468150 79587519
603990843 893233266
763072399 186808833
867709165 753406131
283856031 917229459
597929241 784366593
871789473 402241758
627453722 702590339
835212613 844582532
622492031 7305552
790262707 419628188
710850631 726902991
451943435 997027376
916734130 849472568
825499894 480616065
179460981 137610831
80724608 911608389
916380290 584714851
414345582 193841319
105995252 845725033
276401299 970235798
198603621 688978382
477776173 988923303
551585306 475266995
377696614 892627040
821177451 207695505
810413419 783128087
136335507 213374526
764622274 487010914
402155462 96777465
127572756 511769690
931990076 541916746
838315173 287201346
703519413 891542856
766830575 501974784
664829748 189913644
992137531 617961823
530681814 960545222
823570868 420302123
928042790 699825091
278463090 801438225
47401311 969373842
266853756 332631560
121694546 783909833
620667375 443223453
794848044 25380898
761969708 576396727
643933142 122189729
518455253 962298239
449453443 859032261
459078519 631491548
451256781 937078317
220200787 47671985
729834274 897691315
28317532 677519290
45717043 965843483
644470167 493944301
921045158 37786219
282333610 326713107
707318519 583810071
597902896 275743289
958639862 976869481
485458384 587915523
763364474 74350264
816986205 400313183
869370120 160933128
351015564 691324535
962230814 521778052
740226261 931522538
71380780 324361057
727280231 831324860
648329747 172905583
58404595 437175352
223881534 855697743
43370502 961279744
664415004 18652139
134727927 239575805
319769078 35487833
471612729 210746139
757543073 779669688
767544089 244733558
956833303 415933226
180390894 567766154
570885628 533412770
116324196 213848960
231432452 77253217
50628877 530299851
821802897 12949657
8913014 362749904
47122235 128959128
253294329 842018716
969075953 853267881
118999485 187206917
626726444 562902067
30457278 96187556
702515716 187141683
75424593 511557883
909727131 691877531
163474295 497313038
707136555 893354220
975549938 785920227
928964890 579241960
820397550 736159925
416681420 419909857
170148322 598745585
511279864 445657268
56289836 720851213
916006501 639281592
904447781 194422611
336721936 327478524
196847573 254514150
281382406 812325234
323623912 65447370
456020555 665418912
996054334 308518425
989127164 95312724
565397772 699015715
911581804 17682329
277370842 217353646
374470837 417567871
876766043 392101708
25585885 486989156
447442390 789421203
992276324 880876724
113035904 915779707
832090059 667610965
966315843 328343924
692382690 487636471
541924776 101553117
596359950 615830763
443966701 60547389
997410529 37548902
702774142 154846150
414231472 414526332
735465349 23622970
966351611 461291115
885752544 42121988
835193055 938771322
697206887 99720416
492441043 962548665
80669347 961496583
488289338 437267517
441313311 66182781
702548094 145989251
612504705 848421124
732957161 898685839
588258332 194592561
938527741 913420235
810782667 14910366
908522430 775342772
350818205 862328537
702057575 448732537
591689492 959739297
95664768 532971408
232187730 796229663
967235773 415594068
323604401 838320186
124042017 292964090
402900758 532680860
962290170 400011804
368980691 600343013
943667581 648898194
767547893 262002150
304365177 297306715
952456139 950702643
672429330 722264005
510080320 788930027
51974998 50507929
135518167 956200968
169826638 615468602
201753797 251384166
154189324 267590386
29164047 412776038
671897177 55958125
975979501 654401695
108411184 973840984
155822059 841056637
312772909 260702662
991206671 20983222
144161588 609934603
747891101 220342523
256818742 184961147
483151251 836333886
219252871 827190043
815552676 310806821
110181829 649788762
14509134 732953858
292046207 847252164
367871370 804991059
848671312 97799771
75934978 597756664
975578917 402407782
983343674 821366839
975848073 393509022
853543320 721447921
604392100 980391500
602115635 473772574
834796093 412324152
600108305 99615541
494407672 228418422
463273850 732619136
874956418 93290510
377125248 747175707
718217777 991314628
278396447 773017355
322454750 992692839
99713793 98169027
963602044 659119917
372179924 615466801
153478205 790556262
105573244 329271279
663856787 975848748
797134025 904970325
701021299 224434702
565881823 549367409
807326163 41188654
880245549 44537073
731977826 617165782
322773815 270882546
651862846 583397530
852728599 263608267
552409993 85412553
380757459 653991523
7348573 622455117
270445811 524216490
58003980 265071775
197882430 827383518
627978322 20325497
637822410 893771906
861293746 890016338
377099398 564764041
620523978 733976818
911741890 757617516
881883266 91190632
401027520 648586807
866210323 545080312
461144943 117641608
77307415 127603985
288088784 801228118
998303642 174701723
593566868 821080346
502149776 912808335
628179799 202066130
27519126 590425084
646891969 57284587
653798361 344474299
483834530 877330075
554254296 153041610
410368595 119988407
12452513 571631192
398622350 208860873
535120759 42023263
338113636 242319321
560627164 749910502
158907082 371819869
181218499 979341625
377467091 441308309
764669424 563392823
785332857 361258008
662858837 810274189
961943327 367182421
655290553 320122971
287701308 776436202
200188838 328739750
995076745 307761316
242638554 368263423
979286384 603194001
203119968 280217157
417393560 545994609
458161244 349630942
49801704 171265955
493260949 739809365
27978632 349632727
835956241 504541211
42574563 985865906
859298825 394387577
903730760 376705190
655778192 597851691
846559732 894748172
20856023 849503407
593000022 477381745
515909697 903556349
663586274 293741640
383314987 8752966
668824772 747246700
272701612 974478559
612484161 155040227
185306091 215739090
943925088 982822726
392122918 392359229
281346036 168949099
629439768 680083811
814201341 164078624
627494010 406691018
660280479 489471892
777447591 820793873
347135533 551103309
495581195 562680952
919251250 349025349
405971509 136404643
78333674 876408472
78835926 115530058
871386823 979760625
183345839 558478460
729612438 992839444
187353601 80570713
32286425 752272153
163110868 133888865
869512662 137633703
384293192 43056298
914686113 671137912
881679401 476947403
612171199 906227468
701031956 361211654
132908892 565228735
701574284 634579386
735560647 569866489
97741240 116183066
418447412 488044515
201603959 71095369
438535587 240337762
728092119 107979480
428266871 847218835
703188709 99604307
271528385 462217556
541093932 878400296
736068100 512254600
427392792 224772792
672855393 717022064
122810263 112184736
475246048 220928218
652951517 582062422
564872225 581325440
151534479 628050876
726539090 965933082
769948747 290398801
310782667 880871728
248735762 977014037
288394073 926024762
685527705 15441780
112596884 127519415
275943701 809649359
1687859 2969682
39702513 406764614
731597721 815462949
768932107 820552946
146611086 553579344
737901445 298134620
100689251 33460950
995499727 737206716
969223043 885215956
581819920 262317543
95512924 777234388
475266469 717706266
614325005 300242652
11011320 730896662
41833599 759867498
208414181 928832997
944018312 135501559
721480204 493565844
641448007 447438659
403474084 555910030
390959493 127746117
146277928 54482619
420155517 759578346
250675691 545673636
894186353 108770805
185037135 146008824
977450379 808703148
153244644 436699952
501971708 913544878
504907153 37755899
794887532 69847396
122468989 770037952
163908886 812873427
321222143 637888339
294425948 839585841
973246443 588186471
920911700 629119461
274919942 864422666
963807359 634826396
847879224 484814507
220932259 463878848
658262388 400751306
872736521 117161770
515681584 355279824
999219976 929139316
848094431 343372444
972964730 464984753
171003978 749533941
590881460 595959393
119689630 253109579
102151268 47742674
799893209 353097651
856412171 209317388
473046904 764513848
420105459 103388714
748605898 67640628
975503632 544199716
484583088 694415398
362372670 965425339
273832906 970143714
105610115 715541759
581892202 503476027
751255210 906147951
32987386 233346477
606999231 925968616
240146533 244569101
761001206 576836696
678624881 977196483
141050252 655993849
341522337 819450910
234076060 705417392
788156761 236712196
245707399 685398876
543753163 570792886
322236084 916797901
645932851 865879230
142040342 297821928
453388392 195572210
943278926 747805325
153868164 783295448
929950608 364412298
116606372 665389658
134199629 598172194
813927841 243074989
466767382 707963340
221581424 648957488
317370729 150026773
428191767 699934785
808253345 735217176
938444346 382650555
12894985 689334760
702296382 688777413
926022150 491283040
619237675 977618198
47821962 584398128
107933693 322677984
410134812 319173634
341312705 334430979
559835712 324364350
656895793 148944116
704184420 137160149
342452254 868183701
606769536 80862871
126745596 516593656
1433516 240248770
300296394 258612519
795025942 816408226
660935969 390330349
979689693 753599191
905340428 358578007
571821145 104641088
363802318 513851302
660694800 710714509
846510640 346485345
846108086 263061719
301684626 381309450
795588432 444606418
948614757 502581533
514684257 280450796
211248241 716954986
306456067 718813409
536385977 398019185
948573767 381039755
428376648 347022723
347802055 752335223
857848924 634850718
194534722 693376907
1590029 307002415
336240600 216246355
691374815 855789316
416402551 562398123
369958648 91025524
454109064 936765166
462249784 332816703
211223657 462371512
65885742 207862223
306193160 461249523
443292951 262580619
973804344 312601686
164875928 82822349
59315460 247134506
979126574 850504212
155518391 386891
732080322 918365702
814589894 398189248
787687295 572975276
251042367 712409279
829638434 833879810
206549448 356177169
252511194 986284129
344215679 932260919
118913440 619293246
756174529 966752550
563077581 402972320
683832160 237928444
60740662 910890258
729726371 220049442
339865888 485719151
321147058 704235225
206741923 316959874
918542142 374769834
550028483 974486251
0 515633640
687793388 932284467
759800390 25691151
305529482 715228332
431549290 591432129
487623640 449397337
742315611 28581256
247996471 965218261
257428919 931780644
147992282 666930722
191213235 518386954
464129484 315984283
694261169 394718910
168462444 529287961
816894085 194377567
78760257 835382654
939751469 686870898
920691604 180201243
616707831 56381204
658316545 261487838
638325418 148962433
86870599 81703356
825347481 927618185
377235092 974610607
545861494 429073637
471735747 373133073
713727527 796806325
301462715 163099321
523035933 123183705
897655035 136568860
142783095 394935081
754499161 566120797
939234164 708053021
73098976 509987125
954610674 508663501
942762552 414994311
369902355 165490086
847859437 482859168
600898943 736492292
201759516 947115927
600087134 876299675
771042035 872496167
987800427 439235549
347533997 417600237
480690038 838026230
403694153 384349012
218146051 305656598
975996402 549597154
113120140 524130102
227827295 266383898
913043001 358017573
979694520 790898468
897857049 588685662
227929537 362593549
172735807 341756101
532172286 110140995
375771842 41511341
779711896 835774070
966003453 723005900
192640099 785722322
966716684 387053999
363257597 28151028
185153702 910813305
155051870 745791292
30713135 955409582
655457297 297643282
576225767 678653946
334249058 955592771
331816247 799201409
184693009 827971821
62258778 274928759
95400147 783793119
432588368 233341851
4457349 314351972
464005533 116432687
345632020 862964558
514705783 362828422
872924906 108052040
497881619 688364595
110645868 339615191
865581588 833852917
918036778 593479139
694610240 242217140
37234670 268926325
778267835 47641092
106381445 572314245
724889690 815122668
527148205 456466982
490040103 114400792
631052472 328318824
764727931 959531898
32107475 508878946
101115037 33286235
633157026 494695988
446566202 13987767
441711529 930952021
80672901 30208084
300504238 131245842
302056058 89396099
409711026 363318781
927707966 918553925
964106327 761573702
76487955 550202066
172021882 577380636
348333261 503401451
758047695 360967996
873211861 494009447
639568776 748970983
115892159 514116834
94039759 264661492
281588645 644426320
968292579 590166542
631471545 586561157
879178228 609776880
661117567 508991374
964764398 884550493
698902891 442108086
732538372 52225305
839360273 761143416
212627941 847102140
108728281 719642130
536728827 53197962
284769771 757512237
843631847 845446220
129708293 0
383869679 778180174
708193607 395598776
355437837 33604054
79315608 603648117
285764295 534699112
219070889 781897521
987552629 21882669
711640152 979514082
723708877 684288269
318592391 543795751
671106556 511663826
326028906 790591908
20992490 500124770
325309357 578457616
775837012 148995825
955174278 431047193
797100683 732146045
537022084 614410240
502562442 851154903
470818886 794083724
653870674 634804731
119146873 710685494
948389132 691817465
193986441 982128276
586228428 418985665
221913084 330021443
902332468 755788531
310482100 954889282
90813448 430013426
232708080 525854894
279051233 288316748
33421889 619451030
226510925 851417486
650848442 780335617
761404901 420422823
204479865 5290624
746591879 668419474
112329607 173133524
490058465 579148276
100645490 10732751
103815395 538139958
307978583 149952227
311279008 114677781
888222475 796349133
800205794 684473276
558228749 698257506
386662620 793901716
465475412 280855890
977014636 164591113
279875291 567111013
671148399 165322652
635763278 605329424
238970075 970650111
761558237 291766010
698943949 72242135
284158837 254582017
935336990 629334966
351806223 73426556
471674453 237790268
697776393 145262219
484568172 856964311
79425516 322987356
231338560 217649538
797424741 57598563
26557308 436484080
945589745 483262348
816287798 708904445
863439488 395404291
488542956 839512630
171631956 626854762
114377228 607643343
294234705 731044070
924049554 162297341
43319284 908642437
323535535 677931635
422334435 876454367
482772716 437759019
332721743 362751614
936710108 811156033
558131049 393825622
285530149 615249867
848767383 722043681
626918630 955215911
388861443 395961298
558646277 436851357
436096039 686246859
833044626 838562622
642207728 685691272
412966118 821097778
965817397 51974303
121162327 864224346
886224941 758719391
409124504 736442722
80259763 113324482
739981002 839807120
200582743 356623555
577493180 852976929
147914194 428813857
522901721 946153974
290590873 766803204
29315275 242712573
14467508 54195454
59689730 936663681
951436791 954491856
956985008 56102326
102424151 522606973
507454456 269181875
425462579 533122871
339844326 565633785
729565153 756830402
654634533 707289320
684985989 408239168
129610538 18684424
808880657 392110987
717314837 305555576
362207923 509033034
237804401 244481989
269497342 104636533
666776155 109405721
793088474 343653292
799879316 420560310
794808754 794353198
994330561 145466189
225543700 272086285
946910339 754698052
510029916 247362470
44089363 443064200
432850919 579951430
828621984 807868759
435228426 58374714
855013116 176939541
24204915 484924581
811614108 773138323
350148030 506914487
732275322 590583587
112886098 993813818
380417645 695231353
374866143 433358536
729824696 405217290
86456315 980402114
394899828 507622115
327174423 915066521
335571202 748051749
962865117 122623105
887706936 20800440
284431406 634651974
19996038 358169938
584205242 184109699
132397586 603414402
484152290 789315316
422712912 320368491
405934034 733270628
7281946 905413804
811061244 415675843
617249283 651226854
770609327 728960395
802979847 531307369
331758273 884830828
512963183 19093871
792443554 966895646
547318955 713523146
706571311 117769587
974248140 97067348
833279912 419665551
859474610 894077787
667415835 541701108
381628326 86163457
683469835 152923291
623943625 344881961
328197253 758499742
116786656 223860789
517866634 426245351
61328779 860967039
875445907 316458821
120480256 438216973
695544519 861533589
917594787 482677910
569656657 533522769
236400830 910537883
613028084 258509258
53432753 883135112
17377313 914890837
279611010 97504050
521779736 112709524
429027924 986037244
124316852 450001451
714804453 164467602
107136642 498007484
832728726 855095445
577235557 981773555
328037259 329316842
479030049 230654617
133100886 883774150
746164246 762562581
217166865 476781468
464260374 557716317
599919738 384049028
206439658 495861040
568652647 641055588
544349294 571595462
511998617 154021560
199117490 689336796
114527848 576161686
832647465 543777148
173513531 758337857
682677632 81990227
542862383 209501659
517595149 837770175
324248409 753585390
205509762 438592942
238233721 368767674
310011671 94746701
203554190 237412895
15545003 565575129
597523468 964279600
927242949 104709795
483365205 664121606
851914291 357096094
193835337 613308520
392151392 799315071
56960793 338710557
578083659 735727095
210248548 310434273
224212993 712014373
35817828 44680966
75524401 451121535
428410861 615292260
358312189 792494257
834981981 217646474
934615654 934980115
465929540 655323506
918770749 49989896
165775089 719187119
747127051 40237826
491497584 99047208
923275568 663665848
84619286 99092836
881374957 890099474
596127940 12305314
785633973 968212995
398859689 683790013
341463392 756792074
109669027 828943890
49456897 306272844
959028608 13633839
544056009 971390861
807699709 589833658
303747020 110192037
7440986 447213058
25950330 565520646
678504238 115729621
548246368 781254700
302566418 836313980
10605006 793628012
611422221 923348381
668931145 553786378
192768790 47541547
149014263 83855809
524351374 302291267
226780474 15240174
504777926 264808381
873666363 383091322
931980913 331082877
250033656 871536824
643024345 435756864
748705263 236161051
340796645 175324469
656841191 612666536
851739448 943462684
875355911 696521379
946360442 716863665
802606885 376738151

