1000 2960 10
44 10 2 92 51 12 81 74 3 60 46 44 52 5 4 43 20 80 83 2 92 86 16 94 49 56 33 76 44 36 97 5 80 99 27 21 59 9 70 61 88 62 7 99 100 54 58 80 65 19 73 15 90 62 91 12 98 28 88 100 61 63 1 72 20 93 67 22 71 33 32 46 23 64 87 31 87 48 57 97 28 69 17 53 5 85 19 20 16 69 78 69 67 80 58 97 35 31 36 86 63 72 96 65 28 2 19 53 18 21 79 72 19 17 4 69 28 8 19 42 86 3 22 4 94 79 43 20 100 35 44 88 88 66 21 16 3 44 9 70 11 39 22 74 97 52 36 4 32 26 57 89 87 2 2 87 16 91 38 27 37 78 99 4 70 58 75 77 38 64 94 69 84 16 24 32 57 31 5 69 35 68 28 30 27 20 73 65 98 34 81 70 25 71 44 6 32 90 28 38 20 40 19 49 17 5 34 22 64 92 97 77 94 46 18 82 70 84 58 88 58 24 44 59 91 79 28 42 52 47 48 41 23 69 68 4 88 44 10 70 38 92 9 78 28 70 83 31 18 30 13 92 40 84 20 12 2 32 31 53 14 44 73 15 52 58 36 71 13 69 59 25 95 68 77 40 5 95 38 42 84 86 30 29 11 82 92 37 31 6 13 93 64 52 4 14 19 28 22 21 33 72 22 16 83 48 57 47 83 63 29 33 91 60 87 69 27 84 19 11 52 64 8 97 100 45 13 14 12 88 60 34 38 17 19 7 36 37 39 50 100 76 93 68 77 32 23 12 78 32 46 40 23 23 28 45 100 99 21 73 44 61 99 31 9 2 14 14 25 27 29 60 46 9 75 38 72 9 72 10 42 24 19 45 31 54 59 86 36 86 38 4 40 53 3 35 26 35 13 81 68 17 84 10 90 74 38 80 43 33 51 63 51 52 55 9 62 13 8 10 69 44 40 55 84 65 56 19 4 91 79 61 76 51 5 57 63 82 11 49 13 39 59 1 89 60 1 77 54 63 94 54 20 42 12 19 58 72 24 3 42 20 36 94 13 69 43 65 32 96 66 76 7 84 77 48 70 91 34 27 29 62 24 18 52 30 66 98 41 79 16 65 60 79 14 11 42 91 18 12 37 83 13 22 24 78 7 93 64 47 45 22 13 39 97 27 98 86 39 17 4 10 53 84 7 100 87 65 49 91 7 29 92 42 69 82 54 29 25 41 58 34 20 20 24 81 71 32 79 30 45 18 36 67 6 81 50 48 53 87 94 62 49 33 77 64 73 28 90 29 76 63 97 46 96 54 54 56 12 100 86 40 54 100 21 23 50 89 44 93 27 76 17 72 64 30 85 69 74 74 100 90 73 27 45 80 21 60 99 18 14 42 36 53 48 61 93 76 53 87 87 21 28 7 78 81 99 69 78 18 20 30 24 76 6 54 31 38 96 89 73 2 56 82 45 51 1 18 21 27 73 67 68 18 86 38 58 64 42 49 35 95 21 14 80 77 7 22 15 29 76 72 79 46 65 18 24 31 36 98 12 41 11 55 62 91 27 60 9 84 59 42 41 49 36 78 10 65 61 83 65 93 75 6 58 96 26 65 44 100 42 83 8 41 26 73 43 48 49 25 84 10 33 51 50 95 39 53 55 75 54 63 88 78 98 78 90 89 21 49 78 28 77 92 15 19 49 78 81 1 21 88 57 49 28 57 76 56 98 70 3 30 12 97 90 21 63 12 88 4 99 42 85 36 63 100 45 33 45 4 84 52 43 51 25 61 68 40 99 41 84 61 2 88 29 9 1 17 62 38 81 23 81 97 76 14 42 83 37 87 59 95 64 54 65 14 54 87 80 91 84 17 55 68 28 67 65 25 89 53 2 50 91 85 10 44 35 65 11 45 98 9 11 42 97 100 41 6 68 75 6 40 65 76 94 31 66 35 74 36 13 76 73 19 91 63 45 1 77 36 48 61 25 18 7 96 83 25 12 48 28 32 57 82 62 82 67 53 75 61 47 75 98 23 11 65 46 56 83 86 6 82 82 58 74 89 64 71 79 86 49 62 45 4 60 37 48 62 38 40 33 22 15 25 83 71 30 42 50 70 87 86 72 25 81 74 74 39 95 69 56 6 40 45 62 63 12 61 46 52 67 37 49 60 47 84 2 55 41 85 67 64 94 77 56 45 62 84 14 38 10 68 75 47 97 44 47 74 65 67 41 34 27 97 10 59 76 72 86 28 15 21 91 9 72 61 25 70 91 37
0 50
0 149
0 261
0 633
0 666
0 845
0 967
1 415
1 605
1 629
1 832
1 995
2 85
2 186
2 345
2 438
2 799
2 870
3 414
3 534
3 565
3 648
3 795
3 910
4 241
4 310
4 795
4 835
4 869
5 329
5 345
5 618
5 805
5 870
6 152
6 249
6 322
6 408
6 434
6 529
6 749
6 957
7 138
7 457
7 460
7 472
7 624
7 659
8 63
8 395
8 486
8 667
8 696
8 757
9 11
9 185
9 211
9 561
9 662
9 790
10 140
10 182
10 481
10 631
10 773
10 972
11 92
11 185
11 218
11 471
11 561
11 564
12 151
12 362
12 633
12 701
12 726
12 728
12 997
13 14
13 200
13 338
13 586
13 828
14 338
14 630
14 821
14 828
15 114
15 343
15 423
15 551
15 825
15 903
15 999
16 85
16 202
16 234
16 299
17 40
17 318
17 349
17 360
17 573
18 301
18 307
18 497
18 537
18 554
18 959
19 180
19 402
19 477
19 626
19 705
19 743
20 37
20 51
20 60
20 387
20 820
20 929
21 273
21 338
21 372
21 458
21 464
21 483
21 603
21 746
22 364
22 384
22 428
22 555
22 722
22 872
23 47
23 473
23 811
23 862
23 940
23 980
24 81
24 381
24 468
24 745
24 986
25 52
25 73
25 248
25 324
25 486
25 725
26 121
26 232
26 821
26 888
26 956
27 55
27 257
27 393
27 599
27 780
28 32
28 254
28 373
28 684
28 733
28 918
29 31
29 120
29 210
29 285
29 391
29 960
30 49
30 64
30 518
30 580
30 616
30 876
30 962
31 285
31 327
31 391
31 501
31 548
32 235
32 254
32 372
32 764
32 918
33 45
33 184
33 250
33 714
33 797
34 46
34 165
34 611
34 879
34 975
35 40
35 140
35 318
35 596
35 892
35 972
36 440
36 588
36 589
36 634
36 687
36 732
36 843
37 51
37 118
37 758
37 915
37 929
38 131
38 147
38 247
38 569
38 599
38 800
38 893
39 245
39 378
39 591
39 644
39 858
39 868
39 969
40 54
40 318
40 360
40 596
41 153
41 156
41 252
41 649
41 660
41 849
41 949
42 66
42 276
42 506
42 703
42 715
43 219
43 442
43 593
43 601
44 358
44 452
44 708
44 826
45 70
45 183
45 184
45 496
45 645
45 714
45 769
46 397
46 519
46 611
46 729
46 860
46 975
47 236
47 642
47 811
47 862
47 883
48 269
48 281
48 365
48 520
48 532
48 765
49 320
49 431
49 518
49 580
49 584
49 844
49 902
50 76
50 149
50 161
50 509
50 666
50 674
51 60
51 118
51 598
52 248
52 324
52 491
52 760
52 923
53 127
53 423
53 469
53 831
53 932
53 974
53 978
54 209
54 360
54 531
54 596
55 119
55 257
55 393
55 525
56 311
56 637
56 702
56 848
56 856
56 926
57 467
57 513
57 528
57 553
57 597
57 928
58 179
58 801
58 897
58 947
58 981
59 105
59 162
59 560
59 668
59 839
59 958
60 259
60 598
60 820
60 853
60 865
61 142
61 176
61 515
61 572
61 787
61 796
61 838
62 262
62 310
62 414
62 512
62 869
63 151
63 212
63 395
63 486
63 568
63 725
64 84
64 230
64 388
64 466
64 876
64 962
65 114
65 144
65 162
65 203
65 334
65 355
65 389
65 396
66 276
66 669
66 703
66 945
67 266
67 585
67 653
67 793
67 986
68 76
68 319
68 615
68 759
68 784
68 830
69 228
69 264
69 332
69 446
69 478
69 965
70 184
70 250
70 496
70 648
71 223
71 260
71 488
71 610
71 682
71 803
71 898
72 313
72 466
72 616
72 629
72 690
72 873
73 302
73 324
73 486
73 696
74 441
74 527
74 534
74 543
74 648
74 772
74 797
75 220
75 437
75 640
75 747
75 874
76 161
76 319
76 509
76 615
77 332
77 337
77 346
77 570
77 906
78 138
78 214
78 460
78 535
78 702
78 856
79 105
79 136
79 168
79 291
79 751
79 863
80 286
80 320
80 431
80 448
80 717
80 834
80 909
80 930
81 267
81 468
81 503
81 745
81 822
82 99
82 342
82 575
82 731
82 942
82 976
82 985
83 136
83 480
83 560
83 739
83 762
83 839
84 230
84 388
84 583
84 607
84 823
84 840
85 186
85 234
85 299
85 438
85 612
86 109
86 199
86 268
86 357
86 657
86 968
87 159
87 226
87 488
87 591
87 610
87 680
87 969
88 150
88 270
88 331
88 451
88 508
88 635
88 985
89 205
89 361
89 570
89 706
89 710
89 716
89 786
89 809
90 127
90 353
90 423
90 551
90 903
90 983
91 211
91 491
91 501
91 561
91 815
91 899
92 185
92 206
92 218
92 495
92 737
93 97
93 377
93 419
93 427
93 522
93 558
94 238
94 470
94 544
94 824
95 222
95 454
95 559
95 602
95 882
95 889
96 318
96 443
96 573
96 613
96 792
96 968
97 377
97 558
97 778
97 793
97 927
98 232
98 238
98 335
98 630
98 740
98 810
99 173
99 342
99 532
99 731
100 158
100 252
100 290
100 292
100 608
100 772
100 887
101 216
101 282
101 550
101 623
101 689
101 781
101 857
101 936
101 970
102 271
102 272
102 537
102 770
102 784
102 824
103 298
103 308
103 346
103 446
103 680
104 187
104 430
104 688
104 791
104 802
104 901
104 933
105 560
105 668
105 751
105 775
105 863
106 160
106 187
106 812
106 882
107 223
107 691
107 736
107 803
107 931
107 966
108 154
108 348
108 861
108 939
109 134
109 249
109 357
109 657
109 977
110 305
110 337
110 413
110 541
110 788
111 116
111 167
111 499
111 663
111 723
112 177
112 253
112 364
112 428
112 480
112 647
113 160
113 356
113 634
113 732
113 875
114 203
114 389
114 825
114 999
115 306
115 404
115 500
115 643
115 651
115 896
116 167
116 638
116 663
116 892
116 912
117 126
117 148
117 620
117 744
117 791
118 598
118 758
119 155
119 157
119 257
119 525
119 885
120 210
120 285
120 376
120 698
120 753
120 944
121 143
121 821
121 888
122 125
122 552
122 712
122 768
122 789
122 828
122 914
123 132
123 358
123 449
123 506
123 708
123 993
124 288
124 317
124 354
124 665
124 718
124 938
125 195
125 576
125 593
125 789
125 914
126 251
126 363
126 562
126 744
126 791
127 329
127 353
127 423
127 932
128 153
128 288
128 400
128 521
128 649
128 660
128 774
128 979
129 291
129 367
129 422
129 512
129 808
129 850
130 139
130 274
130 339
130 668
130 775
131 147
131 405
131 412
131 893
132 133
132 135
132 231
132 449
132 506
132 715
132 889
133 135
133 137
133 276
133 379
133 658
133 715
133 973
133 994
134 242
134 249
134 408
134 450
134 977
135 231
135 589
135 658
135 875
136 291
136 560
136 751
136 762
136 808
137 379
137 588
137 973
137 994
138 214
138 460
138 624
138 742
139 274
139 339
139 343
139 465
139 983
139 999
140 209
140 341
140 596
140 631
140 972
141 261
141 315
141 614
141 760
141 854
142 176
142 381
142 572
142 917
142 986
143 552
143 821
143 828
143 888
144 330
144 334
144 389
144 495
144 737
145 163
145 213
145 698
145 790
145 944
145 990
146 246
146 293
146 327
146 391
146 511
146 587
147 405
147 800
147 909
148 409
148 430
148 620
148 791
148 812
149 161
149 497
149 967
150 270
150 304
150 457
150 504
150 508
150 617
150 942
150 985
151 212
151 568
151 701
151 997
152 461
152 529
152 556
152 749
152 827
153 649
153 774
153 949
154 242
154 348
154 462
154 538
154 693
154 861
154 977
155 157
155 257
155 436
155 601
155 780
156 546
156 660
156 849
157 297
157 436
157 442
157 885
158 252
158 292
158 392
158 546
158 849
159 308
159 490
159 507
159 610
159 680
159 898
160 356
160 559
160 812
160 875
160 882
161 497
161 615
161 959
162 217
162 355
162 396
162 463
162 839
162 958
163 213
163 398
163 990
164 254
164 314
164 447
164 771
164 937
165 188
165 879
165 910
165 975
166 179
166 233
166 730
166 897
166 946
167 499
167 773
167 892
167 972
168 291
168 863
168 941
169 245
169 411
169 536
169 683
169 720
169 829
170 181
170 347
170 406
170 425
170 571
170 590
170 692
171 256
171 385
171 416
171 671
171 673
171 987
172 330
172 389
172 423
172 807
172 825
172 974
173 484
173 520
173 532
173 731
173 776
173 895
174 258
174 440
174 588
174 763
174 949
175 318
175 638
175 678
175 892
176 381
176 787
177 253
177 480
177 494
177 652
177 739
178 900
178 935
178 949
178 979
179 730
179 897
179 981
180 217
180 289
180 386
180 396
180 477
180 626
181 277
181 347
181 571
181 646
182 275
182 352
182 481
182 631
182 955
182 984
183 201
183 280
183 524
183 714
183 769
183 817
184 250
185 206
185 662
186 612
186 799
186 809
186 866
187 430
187 602
187 688
187 812
187 882
188 414
188 604
188 632
188 910
188 953
188 975
189 194
189 432
189 700
189 858
189 868
190 210
190 269
190 484
190 776
190 960
191 206
191 213
191 383
191 398
191 662
191 672
191 721
192 258
192 476
192 574
192 732
192 763
192 794
193 323
193 377
193 578
193 735
193 778
193 951
194 700
194 779
194 846
194 858
195 200
195 489
195 576
195 586
195 894
195 914
196 406
196 425
196 557
196 567
196 598
196 884
197 366
197 448
197 525
197 904
197 907
198 579
198 738
198 755
198 804
198 867
198 891
199 268
199 424
199 939
199 968
200 586
200 828
200 914
201 280
201 524
201 611
201 860
202 234
202 299
202 380
202 801
202 897
202 932
203 274
203 355
203 958
203 999
204 277
204 344
204 606
204 646
204 836
205 710
205 750
205 786
205 871
206 495
206 662
206 672
207 273
207 489
207 516
207 603
207 656
207 711
207 894
208 212
208 248
208 315
208 760
208 997
209 326
209 341
209 531
209 596
209 727
210 376
210 484
210 960
211 561
211 790
211 899
212 248
212 725
212 997
213 398
213 662
213 790
214 462
214 510
214 535
214 742
215 290
215 403
215 527
215 862
215 916
216 663
216 689
216 723
216 857
217 289
217 396
217 463
218 564
218 737
218 777
218 982
219 593
219 601
219 712
219 768
219 780
219 789
219 888
220 468
220 640
220 747
220 822
220 961
221 647
221 677
221 762
221 808
221 940
222 454
222 539
222 697
222 816
222 889
223 260
223 736
223 803
224 515
224 549
224 838
224 841
225 390
225 437
225 487
225 750
225 871
225 996
226 228
226 680
226 868
226 969
227 347
227 482
227 572
227 692
227 734
227 796
228 264
228 432
228 446
228 680
228 868
229 336
229 407
229 699
229 707
229 719
229 783
230 840
230 876
230 950
230 964
231 559
231 875
231 889
232 630
232 810
232 821
232 956
233 469
233 831
233 897
233 946
234 612
234 801
234 833
235 254
235 314
235 362
235 756
235 764
236 642
236 718
236 813
236 862
237 536
237 604
237 632
237 913
238 300
238 335
238 470
238 544
238 767
238 810
239 319
239 341
239 509
239 540
239 984
240 339
240 465
240 625
240 775
240 931
240 966
241 310
241 367
241 473
241 835
241 850
241 924
242 450
242 453
242 462
242 977
243 280
243 417
243 519
243 729
243 817
244 376
244 735
244 753
244 895
244 951
245 591
245 644
245 683
245 720
246 293
246 563
246 587
246 597
247 569
247 741
247 800
248 725
248 760
249 408
249 657
249 957
250 543
250 648
250 797
251 363
251 444
251 498
251 562
251 641
252 284
252 849
252 887
253 333
253 364
253 494
253 695
254 314
254 459
254 733
254 911
254 937
255 258
255 526
255 574
255 794
255 935
256 416
256 429
256 444
256 671
256 802
256 933
256 943
257 780
258 763
258 794
258 935
258 949
259 390
259 394
259 820
259 865
260 321
260 682
260 736
260 913
260 971
261 315
261 633
261 845
261 854
262 283
262 414
262 512
262 514
262 785
262 953
263 275
263 282
263 481
263 623
263 857
263 859
264 401
264 432
264 965
265 328
265 504
265 606
265 818
265 878
266 295
266 502
266 585
266 655
266 766
266 793
267 474
267 503
267 681
267 730
267 745
268 348
268 357
268 693
268 939
269 281
269 293
269 520
269 776
269 960
270 504
270 508
270 517
270 635
270 661
271 550
271 623
271 770
271 784
271 905
272 537
272 784
272 830
273 372
273 516
273 603
273 684
274 668
274 958
274 999
275 352
275 481
275 859
276 669
276 715
276 989
276 994
277 294
277 325
277 344
277 571
277 646
277 686
278 584
278 844
278 902
278 950
278 992
278 993
279 325
279 344
279 456
279 545
279 686
280 519
280 817
280 860
281 293
281 563
281 765
282 623
282 857
283 514
283 625
283 785
283 934
283 941
284 714
284 887
285 501
285 698
286 320
286 580
286 814
286 886
286 930
287 404
287 530
287 651
287 752
287 806
288 317
288 354
288 521
288 660
289 386
289 463
289 652
289 713
289 739
290 292
290 392
290 403
290 527
290 772
291 422
291 808
291 941
292 392
293 391
293 563
293 960
294 571
294 686
294 884
295 502
295 793
295 927
295 948
296 368
296 437
296 487
296 523
296 874
297 439
297 442
297 656
297 685
297 711
297 885
298 308
298 346
298 636
298 716
298 866
299 329
299 380
299 438
300 435
300 470
300 767
300 855
300 919
301 475
301 537
301 554
301 864
302 324
302 471
302 696
302 921
303 511
303 587
303 628
303 854
303 928
304 457
304 566
304 942
305 337
305 394
305 413
305 675
305 906
306 385
306 643
306 651
306 673
307 445
307 497
307 554
307 621
308 507
308 680
308 866
309 316
309 449
309 539
309 816
309 992
310 512
310 850
310 869
311 456
311 686
311 848
311 861
311 926
312 356
312 409
312 476
312 574
313 605
313 616
313 629
313 814
313 886
314 362
314 701
314 771
315 633
315 760
315 997
316 479
316 542
316 816
316 950
316 988
316 992
317 521
317 852
317 938
317 998
318 443
318 573
318 678
318 892
319 509
319 759
319 984
320 431
320 580
321 411
321 488
321 536
321 682
321 913
322 326
322 360
322 529
322 531
322 957
323 399
323 451
323 578
323 595
323 951
324 471
324 923
325 344
325 686
326 513
326 528
326 529
326 531
326 727
327 391
327 511
327 548
327 614
328 375
328 504
328 517
328 655
328 878
329 345
329 353
329 380
329 438
329 805
329 932
330 389
330 495
330 582
330 807
331 451
331 595
331 731
331 985
332 337
332 346
332 446
332 478
332 541
333 370
333 494
333 652
333 695
333 782
334 396
334 737
335 359
335 369
335 544
335 670
335 740
336 579
336 699
336 707
336 757
336 867
337 541
337 906
338 464
338 483
338 586
338 630
339 465
339 775
340 439
340 664
340 711
340 995
341 540
341 631
341 727
341 890
341 984
342 365
342 532
342 575
342 749
343 551
343 983
343 999
344 472
344 545
344 836
345 438
345 870
346 446
346 570
346 636
347 646
347 692
347 734
348 693
348 939
349 360
349 573
349 657
349 957
350 382
350 435
350 470
350 550
350 770
350 824
351 388
351 459
351 466
351 690
351 783
351 911
351 963
352 759
352 859
352 955
353 805
353 983
354 546
354 609
354 660
354 665
355 958
356 409
356 476
356 732
356 812
357 693
357 977
358 708
358 826
358 844
358 993
359 369
359 464
359 594
359 630
359 740
360 531
360 957
361 485
361 570
361 675
361 710
361 906
362 701
362 728
362 756
363 641
363 650
363 744
363 852
363 954
363 998
364 428
364 555
364 695
365 532
365 749
365 765
365 827
366 393
366 525
366 907
366 908
367 473
367 808
367 850
367 940
368 523
368 547
368 747
368 874
368 929
369 533
369 554
369 594
369 670
369 864
370 530
370 627
370 695
370 782
371 377
371 398
371 427
371 455
371 493
371 721
371 735
372 684
372 746
372 764
372 837
372 918
373 516
373 629
373 684
373 733
373 873
374 434
374 450
374 566
374 798
374 851
374 880
374 976
375 572
375 655
375 734
375 878
375 917
376 484
376 753
376 895
377 427
377 735
377 778
378 644
378 779
378 846
378 858
379 588
379 658
379 842
379 973
380 932
381 468
381 787
381 986
382 418
382 435
382 550
382 970
383 582
383 672
383 721
383 761
384 498
384 555
384 639
384 722
385 627
385 651
385 673
385 752
385 987
386 530
386 626
386 713
386 782
387 523
387 820
387 929
388 466
388 492
388 583
388 963
389 825
390 394
390 487
390 523
390 820
390 996
391 960
392 403
392 546
392 609
393 525
393 599
393 908
394 413
394 675
394 853
394 865
394 996
395 447
395 568
395 667
395 771
396 477
396 737
397 536
397 632
397 729
397 829
397 975
398 493
398 721
398 990
399 451
399 578
399 948
399 952
400 521
400 852
400 900
400 954
400 979
401 432
401 700
401 788
401 965
402 654
402 705
402 724
402 743
402 777
403 609
403 813
403 862
404 500
404 651
404 755
404 804
404 806
404 891
405 412
405 834
405 909
406 425
406 557
406 590
407 492
407 583
407 707
407 748
407 783
407 823
408 434
408 450
409 574
409 620
409 812
410 419
410 522
410 681
410 730
410 946
411 488
411 536
411 720
412 448
412 592
412 834
412 893
412 907
413 853
414 795
414 869
414 910
414 953
415 605
415 664
415 814
415 904
415 930
415 995
416 429
416 555
416 695
416 987
417 644
417 683
417 729
417 779
417 817
418 435
418 689
418 781
418 970
419 522
419 558
419 681
420 433
420 490
420 618
420 799
420 870
421 434
421 575
421 749
421 851
422 512
422 514
422 941
423 825
423 903
423 974
424 694
424 792
424 861
424 939
424 968
425 571
425 884
426 807
426 877
426 974
426 978
427 455
427 522
427 946
428 647
428 872
429 444
429 555
429 639
430 791
430 812
431 717
431 844
432 700
432 868
433 490
433 618
433 803
433 898
434 450
434 749
434 851
435 470
435 855
435 888
436 442
436 601
437 487
437 577
437 640
437 750
437 847
437 874
439 525
439 664
439 711
439 885
440 588
440 687
440 763
441 527
441 534
441 835
441 924
442 593
442 601
442 685
443 613
443 678
444 498
444 562
444 639
444 943
445 497
445 581
445 621
445 726
445 967
446 680
447 667
447 719
447 771
447 937
448 834
448 904
448 907
448 930
449 539
449 889
449 992
449 993
450 453
450 880
451 595
451 635
451 952
452 676
452 703
452 704
452 708
452 741
452 800
452 826
453 462
453 510
453 798
453 880
454 602
454 688
454 697
454 901
454 922
455 721
455 761
455 831
455 877
455 946
456 545
456 686
456 926
457 566
457 617
457 624
457 659
458 464
458 533
458 581
458 594
458 746
458 920
459 690
459 733
459 911
460 472
460 637
460 856
461 513
461 529
461 556
462 510
462 535
462 538
463 739
463 839
464 594
464 630
465 618
465 803
465 966
465 983
466 616
466 690
466 962
467 528
467 540
467 553
467 890
468 787
468 822
468 961
469 831
469 897
469 932
470 824
471 561
471 564
471 654
471 921
471 923
472 545
472 637
472 659
472 836
473 862
473 916
473 924
473 940
474 503
474 730
474 947
474 981
475 537
475 544
475 670
475 824
475 864
476 574
476 732
477 737
477 743
477 982
478 541
478 788
478 965
479 542
479 607
479 622
479 840
479 988
480 647
480 739
480 762
481 499
481 773
481 857
482 692
482 796
482 838
482 841
483 489
483 586
483 603
484 776
484 895
485 675
485 710
485 871
485 996
486 696
486 725
487 523
488 591
488 610
488 682
488 720
489 586
489 603
489 894
490 507
490 799
490 898
491 561
491 760
491 815
491 923
492 583
492 783
492 963
493 735
493 753
493 990
494 652
495 582
495 672
495 737
496 565
496 645
496 648
497 959
497 967
498 639
498 641
498 722
498 883
499 723
499 773
499 857
500 607
500 804
500 823
500 896
501 548
501 698
501 815
501 899
502 766
502 948
502 952
503 822
503 947
504 517
504 606
504 617
505 654
505 724
505 757
505 867
505 921
506 703
506 708
506 715
507 799
507 866
509 540
509 553
509 674
510 742
510 798
511 587
511 614
511 854
512 514
512 850
513 528
513 529
513 556
513 597
514 941
515 549
515 619
515 754
515 787
515 838
515 961
516 629
516 684
516 711
516 832
517 655
517 661
517 766
518 876
518 902
518 964
519 729
519 860
520 532
520 776
521 852
522 946
523 820
523 929
524 611
524 645
524 769
524 879
525 664
525 885
525 904
526 574
526 650
526 900
526 935
526 954
527 772
527 916
527 924
528 727
528 890
530 626
530 627
530 752
530 782
530 806
533 554
533 581
533 594
533 621
534 648
534 795
534 835
535 538
535 702
535 848
536 632
536 829
536 913
537 824
537 830
537 959
538 848
538 861
539 816
539 889
540 553
540 890
541 788
542 622
542 679
542 697
542 816
542 922
543 648
543 797
544 670
544 824
545 637
545 926
546 609
546 660
546 849
547 709
547 747
547 754
547 915
547 929
547 961
548 614
548 815
549 567
549 598
549 619
549 758
549 841
550 623
550 770
550 970
551 903
551 983
552 768
552 828
552 888
553 628
553 674
553 928
554 621
554 864
555 639
555 695
556 563
556 597
556 765
556 827
557 567
557 590
557 841
558 681
558 793
559 875
559 882
559 889
560 751
560 839
561 923
562 791
562 943
563 597
563 765
564 654
564 777
565 645
565 648
565 879
565 910
566 624
566 798
566 942
566 976
567 598
567 841
568 701
568 771
569 669
569 704
569 741
569 819
570 636
570 716
570 906
571 884
572 734
572 796
572 917
573 657
573 968
574 620
574 650
574 794
575 749
575 851
575 976
576 593
576 685
576 894
577 640
577 847
577 925
578 778
578 927
578 948
579 707
579 748
579 804
579 867
580 616
580 886
581 621
581 726
581 920
582 672
582 761
582 807
582 877
583 823
584 844
584 902
585 655
585 917
585 986
587 597
587 928
588 842
588 843
588 994
589 634
589 658
589 842
589 843
589 875
590 692
590 841
591 720
591 969
592 599
592 893
592 907
592 908
593 685
593 789
595 731
595 895
595 951
597 928
598 758
598 884
599 780
599 893
599 908
600 726
600 728
600 756
600 837
600 920
601 780
602 688
602 882
604 632
604 913
604 953
605 629
605 814
606 617
606 646
606 818
606 836
607 622
607 823
607 840
607 896
608 772
608 797
608 887
609 665
609 813
610 898
611 860
611 879
612 786
612 809
612 833
613 678
613 694
613 792
614 760
614 815
614 854
615 830
615 959
616 886
616 962
617 659
617 836
618 803
618 805
618 870
618 983
619 709
619 754
619 758
619 915
620 650
620 744
622 643
622 679
622 881
622 896
623 859
623 905
624 742
624 798
625 691
625 775
625 863
625 931
625 934
625 941
626 705
626 806
626 991
627 695
627 752
627 987
628 666
628 674
628 845
628 854
628 928
629 832
629 873
630 740
630 821
631 984
632 975
633 726
633 967
633 997
634 732
634 875
635 661
635 952
636 716
637 856
637 926
638 678
638 892
638 912
640 822
640 925
641 883
641 938
641 998
642 718
642 883
642 938
643 673
643 881
643 896
644 683
644 779
645 769
645 879
646 734
646 818
646 878
647 677
647 762
647 872
649 660
650 744
650 954
651 752
652 713
652 739
652 782
653 681
653 745
653 793
653 986
654 724
654 777
654 921
655 766
655 917
656 685
656 711
656 894
657 957
657 968
658 842
659 836
661 766
661 952
662 790
663 689
663 723
663 912
664 904
664 995
665 718
665 813
666 674
666 845
667 699
667 719
667 757
668 775
668 958
669 819
669 945
669 989
669 994
670 864
671 673
671 679
671 881
671 901
671 922
671 933
673 881
675 906
675 996
676 703
676 704
676 819
676 945
677 872
677 940
677 980
678 694
678 912
679 881
679 922
681 730
681 745
681 793
683 729
683 829
684 918
685 894
686 884
687 732
687 763
688 901
689 781
689 936
690 733
690 873
691 736
691 931
691 934
692 841
693 977
694 792
694 912
695 987
696 757
696 921
697 816
697 922
698 790
698 899
698 944
699 719
699 757
700 779
701 771
702 848
702 856
703 708
703 945
704 741
704 819
705 724
705 991
706 716
706 809
706 866
707 748
709 754
709 915
710 871
711 832
711 995
712 768
712 789
713 782
714 797
714 887
716 866
717 800
717 826
717 844
717 909
718 813
718 938
719 783
719 937
721 761
722 811
722 872
722 883
723 857
724 738
724 755
724 867
724 991
726 728
726 920
726 967
727 890
728 756
729 829
730 946
730 981
731 895
731 985
732 763
733 873
734 878
735 753
735 951
736 934
736 971
737 982
738 755
738 867
739 839
741 800
742 798
743 777
743 982
745 986
746 837
746 920
747 874
747 961
748 804
748 823
749 827
750 786
750 847
750 871
753 944
753 990
754 961
755 806
755 891
755 991
756 764
756 837
757 867
757 921
758 915
759 784
759 859
759 905
759 955
759 984
760 815
761 877
762 808
764 837
765 827
766 952
767 810
767 888
767 919
767 956
768 888
770 824
772 797
773 972
774 949
774 979
775 863
777 982
778 927
779 817
779 846
781 936
781 970
783 911
783 937
783 963
784 830
784 905
785 934
785 953
786 809
786 833
786 847
787 961
788 965
790 899
791 802
791 943
792 968
793 927
795 835
795 869
796 838
797 887
798 880
799 866
799 870
800 826
800 909
801 833
801 897
801 925
801 947
802 933
802 943
803 898
803 966
804 823
804 891
805 983
806 991
807 877
807 974
808 940
809 866
810 956
811 872
811 883
811 980
813 862
814 886
814 930
818 878
819 945
821 828
822 925
822 947
826 844
828 914
830 959
831 877
831 946
831 978
832 995
833 847
833 925
834 909
835 924
837 920
838 841
840 950
840 988
842 843
844 993
845 854
846 858
847 925
848 861
851 976
852 954
852 998
853 865
855 888
855 919
858 868
859 905
861 939
862 916
863 941
868 969
871 996
872 980
876 964
877 978
879 910
883 938
888 919
888 956
892 972
895 951
897 932
900 935
900 954
900 979
901 922
901 933
902 950
902 964
904 930
907 908
911 937
913 953
913 971
915 929
916 924
917 986
925 947
927 948
931 966
934 953
934 971
935 949
938 998
940 980
942 976
942 985
944 990
947 981
948 952
949 979
950 964
950 988
950 992
953 971
955 984
974 978
989 994
992 993
429 254
153 363
724 693
524 909
491 873
677 677
667 195
837 251
392 424
517 475
519 82
491 494
392 306
227 207
240 189
596 630
744 633
640 100
389 181
451 586
943 618
271 274
379 737
412 803
829 501
435 389
220 129
40 316
261 338
578 354
188 470
547 364
279 327
472 975
596 929
571 91
114 757
947 593
13 490
725 886
626 107
291 946
61 603
91 239
92 555
517 987
627 935
388 824
638 298
142 475
469 215
977 599
465 383
660 598
606 122
55 326
891 214
549 252
771 577
516 689
971 637
880 470
521 842
388 387
214 476
544 620
33 600
796 455
445 160
826 823
508 967
658 794
200 410
427 419
479 921
862 582
465 190
851 771
843 204
516 743
81 456
807 521
710 288
474 701
248 510
736 662
723 102
727 826
767 340
820 709
643 639
514 414
514 518
707 463
329 115
168 659
655 71
727 452
277 141
685 303
403 949
447 42
393 119
781 791
241 700
528 714
180 709
615 773
780 103
704 140
902 790
544 24
406 715
145 742
567 622
298 586
565 30
243 760
987 556
76 316
577 383
198 128
156 199
111 590
317 868
157 227
267 779
665 630
284 908
479 794
564 704
26 438
114 628
83 678
729 162
100 680
484 733
45 678
823 235
594 675
555 106
470 316
855 466
170 152
542 575
581 435
555 313
30 468
204 741
420 227
789 317
388 361
653 226
263 929
791 142
69 274
309 945
96 284
369 943
726 764
162 713
431 210
506 650
585 455
324 391
571 913
727 554
550 39
518 759
668 878
942 401
315 668
587 587
659 324
115 818
589 46
861 486
432 687
217 883
749 565
450 606
929 355
511 98
594 991
495 975
529 502
747 686
215 701
585 875
759 887
618 334
588 497
157 805
682 413
766 912
175 236
977 412
81 377
343 525
724 84
195 211
606 968
738 618
551 642
887 324
832 692
555 520
191 285
433 349
586 144
617 356
520 440
419 365
568 459
814 208
407 894
471 6
481 622
475 533
95 220
857 553
443 766
186 633
630 784
934 480
872 666
765 831
905 423
790 835
321 466
211 502
124 662
239 147
704 565
759 639
324 332
371 851
615 855
303 120
518 168
594 731
472 849
755 168
680 954
653 404
689 878
583 290
19 510
449 375
694 155
485 963
301 768
374 978
399 685
295 388
187 843
298 694
55 293
131 829
950 682
632 813
466 295
545 833
475 78
810 848
850 361
791 434
787 518
750 108
617 319
796 349
430 95
409 135
235 288
568 663
488 97
42 630
912 319
156 534
908 275
646 963
617 289
463 53
555 803
414 991
562 368
129 433
344 603
301 888
438 629
413 909
500 771
384 937
585 312
962 342
761 424
882 613
129 292
795 765
717 646
299 75
370 170
432 449
519 276
770 288
914 755
312 625
363 209
767 769
164 590
490 839
918 232
181 770
184 403
335 354
442 324
197 556
288 848
595 61
476 178
118 458
642 827
633 168
724 372
444 418
917 297
607 177
527 338
834 373
687 646
572 572
741 327
846 792
393 662
519 591
311 149
345 490
887 793
242 218
589 707
132 338
546 171
689 286
602 661
878 293
704 678
819 782
912 407
766 112
660 123
359 84
266 438
482 115
650 655
320 898
529 652
160 758
735 120
108 557
289 178
639 129
854 732
352 330
274 807
391 704
663 275
59 360
459 814
894 597
318 183
378 649
657 473
276 293
224 360
743 232
859 398
629 378
692 439
722 902
61 707
707 632
846 494
371 47
596 521
357 750
322 647
401 613
926 622
252 468
568 598
904 671
571 324
366 912
51 341
915 700
371 396
497 598
628 902
598 472
737 380
256 866
808 892
440 555
376 892
334 574
41 444
956 409
288 481
707 176
200 757
718 495
665 849
41 417
935 746
532 856
127 376
319 689
689 922
385 20
722 480
688 718
702 242
508 787
628 611
724 53
968 376
627 559
682 486
397 731
326 732
223 719
110 479
787 877
680 732
705 205
353 29
85 272
848 622
715 661
116 324
96 779
476 900
105 256
627 39
309 736
362 236
815 810
338 412
77 402
144 586
720 194
738 346
77 538
761 185
203 646
662 517
913 257
796 279
305 242
273 402
847 235
619 225
800 176
481 655
280 222
603 697
235 441
546 217
841 531
685 580
334 91
452 459
868 251
444 849
771 546
364 147
156 775
479 574
855 830
224 564
440 705
504 76
918 447
216 258
632 347
866 717
411 402
876 647
670 821
190 264
696 739
487 399
276 471
620 434
409 666
554 552
537 955
398 224
329 761
508 33
289 547
536 389
776 420
791 543
826 348
409 498
92 595
732 745
786 334
500 207
784 198
522 319
507 813
598 218
527 798
912 504
195 331
818 373
182 495
654 943
638 316
271 862
704 483
892 631
585 967
94 344
212 833
437 910
576 207
633 199
379 614
602 144
666 298
324 214
504 906
821 187
637 863
381 149
816 151
163 615
531 204
870 823
216 591
485 944
329 134
885 254
328 917
907 562
524 358
950 487
414 62
617 647
156 161
521 237
351 194
340 715
614 241
972 434
734 466
150 660
503 705
488 437
289 745
596 282
468 505
542 940
769 256
976 480
371 380
9 529
837 753
949 352
884 436
650 87
186 799
710 263
148 258
825 612
727 402
337 506
156 449
342 245
600 541
272 488
156 517
815 451
211 238
554 290
83 762
101 727
953 433
708 853
40 399
133 241
299 221
713 357
581 115
562 265
997 527
27 355
342 297
77 248
201 676
224 273
597 862
167 389
870 350
258 553
435 948
358 898
704 785
599 953
773 675
648 42
508 345
441 186
194 438
829 303
675 710
948 537
229 769
345 214
238 574
456 81
798 240
566 779
398 598
356 645
499 261
189 376
254 179
530 112
609 873
411 302
128 751
762 356
818 760
880 227
582 31
335 747
838 583
325 785
351 824
272 597
701 906
560 964
893 358
420 746
507 941
286 925
233 806
330 612
417 653
789 471
450 504
825 424
150 286
682 115
77 715
836 282
303 926
780 371
537 483
549 9
117 352
333 882
478 238
355 420
542 692
18 616
326 170
265 661
579 522
291 640
497 231
885 729
33 560
425 768
613 30
237 612
773 809
766 487
655 810
683 895
247 307
142 272
944 285
114 782
217 682
454 3
245 412
587 780
932 437
755 129
686 40
360 671
403 436
198 617
546 405
357 441
787 905
365 355
861 188
58 581
35 543
413 570
802 711
312 491
86 570
924 558
849 710
152 310
126 191
419 635
437 991
80 612
803 731
99 506
346 842
336 433
691 858
625 505
372 764
501 12
400 531
422 380
367 282
565 194
355 314
671 916
756 544
692 334
135 770
246 391
889 408
661 441
614 792
491 557
373 530
447 668
283 164
39 522
800 221
462 573
248 780
803 506
292 273
886 567
303 513
668 242
822 671
503 729
346 622
625 415
918 540
361 548
330 310
376 448
970 542
470 144
479 370
633 518
458 736
115 802
307 312
630 275
795 405
273 89
144 173
565 986
379 107
351 381
433 930
533 64
243 913
554 719
639 333
457 540
696 424
715 948
52 278
418 14
402 635
308 444
427 117
564 830
792 680
876 499
861 844
142 225
538 438
247 741
689 56
759 456
162 824
505 879
903 443
452 950
770 214
732 728
50 500
781 601
265 710
657 735
308 532
659 671
357 586
609 554
460 772
791 698
259 131
396 804
193 723
365 875
158 404
508 369
185 604
695 958
865 366
13 544
931 649
225 157
813 559
280 516
357 124
584 613
92 524
642 262
201 188
667 894
427 162
668 561
162 349
780 653
52 432
478 884
858 292
312 295
918 467
485 688
235 525
951 467
74 734
85 746
122 520
478 277
739 922
809 645
828 141
325 949
484 815
723 245
260 845
946 725
497 296
293 56
860 204
482 45
741 893
469 107
630 958
804 116
413 859
534 749
345 177
949 703
773 732
373 492
755 870
517 860
694 702
863 690
388 760
225 387
876 599
132 717
198 490
640 538
869 383
578 932
756 208
256 607
186 684
346 797
971 357
96 307
153 429
420 971
226 84
151 627
549 202
338 544
570 50
25 408
175 272
654 387
270 569
740 590
694 757
531 419
227 868
249 673
173 510
625 626
103 377
444 102
853 750
58 391
44 363
58 464
554 918
294 411
585 12
614 837
179 212
927 573
428 875
835 450
261 314
278 65
336 278
426 484
226 624
465 419
448 879
801 605
896 229
739 435
530 258
917 599
110 401
600 766
691 620
259 690
578 810
201 859
441 11
311 402
317 824
759 82
438 804
528 775
754 293
279 720
577 408
30 583
711 517
794 558
744 395
219 903
187 529
669 402
755 377
579 846
241 840
486 131
236 119
659 143
534 668
412 182
597 340
873 543
203 458
274 451
189 512
832 855
606 746
413 246
695 74
733 858
407 31
607 821
556 78
57 688
625 580
603 915
726 262
746 144
643 555
240 894
413 784
768 561
473 551
634 666
514 142
740 312
825 482
338 664
212 552
29 643
597 440
399 579
169 558
130 567
36 662
145 350
890 707
417 341
289 822
584 645

